Without Graph
    unconsciouses:
    aec = [0.91,0.87,0.87,0.87,0.75,0.80,0.93,0.80,0.93]
    pli = [0.84,0.89,0.70,0.95,0.66,0.59,0.92,0.54,0.93]

    pre-ROC:
    aec = [0.63,0.80,0.40,0.74,0.64,0.92,0.87,0.74,0.76]
    pli = [0.70,0.93,0.6,0.90,0.65,0.98,0.90,0.65,0.91]


With Graph
    unconscious:
    aec = [0.93,0.91,0.91,0.911,0.76,0.87,0.93,0.81,0.97]
    pli = [0.83,0.87,0.72,0.91,0.67,0.63,0.93,0.57,0.94]

    pre-ROC:
    aec = [0.59,0.82,0.36,0.78,0.68,0.91,0.90,0.72,0.75]
    pli = [0.73,0.95,0.62,0.95,0.68,0.99,0.93,0.64,0.95]

255,127,14
31,119,180